output/data_buf1_00000.chi
q [nm^-1]
Intensity
   1003
 3.366602370545553665e-03 0.000000000000000000e+00 0.000000000000000000e+00
 1.009980708871372791e-02 0.000000000000000000e+00 0.000000000000000000e+00
 1.683301173811310725e-02 0.000000000000000000e+00 0.000000000000000000e+00
 2.356621627289782681e-02 0.000000000000000000e+00 0.000000000000000000e+00
 3.029942064722202649e-02 0.000000000000000000e+00 0.000000000000000000e+00
 3.703262481523984101e-02 0.000000000000000000e+00 0.000000000000000000e+00
 4.376582873110541200e-02 0.000000000000000000e+00 0.000000000000000000e+00
 5.049903234897288457e-02 0.000000000000000000e+00 0.000000000000000000e+00
 5.723223562299639688e-02 0.000000000000000000e+00 0.000000000000000000e+00
 6.396543850733010794e-02 0.000000000000000000e+00 0.000000000000000000e+00
 7.069864095612814203e-02 0.000000000000000000e+00 0.000000000000000000e+00
 7.743184292354467202e-02 0.000000000000000000e+00 0.000000000000000000e+00
 8.416504436373387077e-02 0.000000000000000000e+00 0.000000000000000000e+00
 9.089824523084982788e-02 4.246579999999999927e+03 3.686333679958991638e+01
 9.763144547904677173e-02 3.795636871508379954e+03 1.841941378429763176e+01
 1.043646450624788613e-01 3.123962655601659662e+03 1.440138918057562378e+01
 1.110978439353002278e-01 2.462970370370370802e+03 1.208113404137424673e+01
 1.178310420516650997e-01 1.990813253012048335e+03 9.795039937339440783e+00
 1.245642393657276081e-01 1.607723514211886140e+03 8.152863866032749485e+00
 1.312974358316419676e-01 1.315566433566433489e+03 7.004670925297524775e+00
 1.380306314035623927e-01 1.091219873150105741e+03 6.075549370126194226e+00
 1.447638260356430284e-01 9.089458413926498679e+02 5.303758286158319457e+00
 1.514970196820381032e-01 7.793416370106762088e+02 4.710378144443303938e+00
 1.582302122969018732e-01 6.690876033057852510e+02 4.206528112958675791e+00
 1.649634038343884834e-01 5.751575037147101739e+02 3.697820742791323223e+00
 1.716965942486521901e-01 5.061669024045263541e+02 3.384520557446792477e+00
 1.784297834938472771e-01 4.504297407912688413e+02 3.135606334366683345e+00
 1.851629715241278618e-01 4.046278481012657267e+02 2.862690062148602443e+00
 1.918961582936483112e-01 3.720981818181817857e+02 2.686345023778006436e+00
 1.986293437565628262e-01 3.355284280936456867e+02 2.446405423834832504e+00
 2.053625278670257182e-01 3.093037837837837856e+02 2.313032533988026440e+00
 2.120957105791912711e-01 2.886438356164383094e+02 2.206012802928371652e+00
 2.188288918472136579e-01 2.701032388663967936e+02 2.091444840320583864e+00
 2.255620716252472735e-01 2.493023255813954506e+02 1.965999067801223132e+00
 2.322952498674464572e-01 2.306660567246109963e+02 1.837560962409329424e+00
 2.390284265279654097e-01 2.171228070175438347e+02 1.745662522468616418e+00
 2.457616015609585813e-01 2.059215017064846336e+02 1.676667838410925482e+00
 2.524947749205802006e-01 1.937063688999173507e+02 1.601101229382996705e+00
 2.592279465609846900e-01 1.849783827061650072e+02 1.539356681810287508e+00
 2.659611164363264169e-01 1.755661094224923886e+02 1.461007311343546888e+00
 2.726942845007597205e-01 1.694523809523809064e+02 1.420313433518498369e+00
 2.794274507084389403e-01 1.625129870129870255e+02 1.369690402291598330e+00
 2.861606150135185267e-01 1.568166089965397703e+02 1.317716842675366484e+00
 2.928937773701529856e-01 1.524497607655502804e+02 1.291222846901901811e+00
 2.996269377324965455e-01 1.471446254071661883e+02 1.238448647746047016e+00
 3.063600960547037677e-01 1.419547482472912350e+02 1.203160267129082861e+00
 3.130932522909291027e-01 1.378315724052205553e+02 1.170728860555224848e+00
 3.198264063953270564e-01 1.344177215189873209e+02 1.138583964592265296e+00
 3.265595583220519127e-01 1.311738361814967391e+02 1.112097027691630213e+00
 3.332927080252583441e-01 1.288101772441396236e+02 1.085525863956543935e+00
 3.400258554591010229e-01 1.242401352874858844e+02 1.058556739208572628e+00
 3.467590005777340112e-01 1.222599890530924540e+02 1.034743945504556173e+00
 3.534921433353122033e-01 1.198980350504513694e+02 1.009347854429394564e+00
 3.602252836859901053e-01 1.175175668589407536e+02 9.929698004024601898e-01
 3.669584215839222230e-01 1.162361680327870062e+02 9.760919401770419279e-01
 3.736915569832632289e-01 1.148791540785499308e+02 9.620352464103120171e-01
 3.804246898381676290e-01 1.128321096426823260e+02 9.400309703927638427e-01
 3.871578201027900956e-01 1.114210023866349104e+02 9.224684220002683510e-01
 3.938909477312853569e-01 1.086891701828411243e+02 9.029375207606050724e-01
 4.006240726778079742e-01 1.082970615243343104e+02 8.919477002062857762e-01
 4.073571948965125644e-01 1.067557770729497264e+02 8.797403623773490944e-01
 4.140903143415540222e-01 1.055706013363028433e+02 8.674077863817312162e-01
 4.208234309670868534e-01 1.051929065743945273e+02 8.532166150575964947e-01
 4.275565447272658970e-01 1.034618680377035105e+02 8.421699154545252419e-01
 4.342896555762459920e-01 1.013620401337792316e+02 8.234117787696405566e-01
 4.410227634681816999e-01 1.030507007419621033e+02 8.244039571294312641e-01
 4.477558683572280818e-01 1.020972053462941460e+02 8.134041308534097903e-01
 4.544889701975397545e-01 1.007770297029702107e+02 7.991164614184281811e-01
 4.612220689432715570e-01 9.966758675078861529e+01 7.929801901837792988e-01
 4.679551645485785505e-01 9.952311807413062184e+01 7.800458255416854447e-01
 4.746882569676153518e-01 9.881705016974729006e+01 7.722733890075963448e-01
 4.814213461545370221e-01 9.749515648286136127e+01 7.623602712670217718e-01
 4.881544320634984002e-01 9.721146822498171503e+01 7.537060835205623421e-01
 4.948875146486546028e-01 9.671625045240672591e+01 7.483750057288155455e-01
 5.016205938641603579e-01 9.613172804532582916e+01 7.380079152531836550e-01
 5.083536696641707264e-01 9.573614499825717417e+01 7.306891946570768237e-01
 5.150867420028408805e-01 9.454573804573800544e+01 7.239903976487999104e-01
 5.218198108343256036e-01 9.418489671520481465e+01 7.143629150129813254e-01
 5.285528761127801234e-01 9.385047043010749235e+01 7.103326134053290497e-01
 5.352859377923595563e-01 9.400032829940904833e+01 7.026834534239948526e-01
 5.420189958272189079e-01 9.375819539110680978e+01 6.977803930155199730e-01
 5.487520501715134058e-01 9.318617363344054638e+01 6.923975722907782515e-01
 5.554851007793980555e-01 9.272179974651446344e+01 6.856183308126573284e-01
 5.622181476050283067e-01 9.246957340025088001e+01 6.812401909332639338e-01
 5.689511906025591648e-01 9.149846437346432992e+01 6.705400089145369114e-01
 5.756842297261457464e-01 9.190889701401592049e+01 6.693749875262241522e-01
 5.824172649299436122e-01 9.134917293233084479e+01 6.630045003572169193e-01
 5.891502961681079897e-01 9.113972115099382165e+01 6.577100269163825841e-01
 5.958833233947939956e-01 9.102642395772164718e+01 6.539151665282899595e-01
 6.026163465641571904e-01 9.078585858585846324e+01 6.474667557637687754e-01
 6.093493656303529127e-01 9.036711390236939678e+01 6.424585730687969454e-01
 6.160823805475365011e-01 8.977862380146653720e+01 6.364687684262491096e-01
 6.228153912698632944e-01 8.987049362174170142e+01 6.314743196699494909e-01
 6.295483977514888529e-01 8.875373134328356173e+01 6.264970355195603746e-01
 6.362813999465687376e-01 8.871126187245593542e+01 6.206269404198005990e-01
 6.430143978092582868e-01 8.900323188796129159e+01 6.192990377818433645e-01
 6.497473912937132834e-01 8.898828229027964198e+01 6.157741204494600051e-01
 6.564803803540892879e-01 8.832687778068562068e+01 6.081600836812112165e-01
 6.632133649445415280e-01 8.955613577023501648e+01 6.116574606515435830e-01
 6.699463450192260083e-01 8.775817666752516288e+01 6.013399979369628001e-01
 6.766793205322981786e-01 8.738898756660759659e+01 5.956417457953299133e-01
 6.834122914379140434e-01 8.722696288815954802e+01 5.935850383310807832e-01
 6.901452576902290525e-01 8.773737623762370674e+01 5.894698952251316015e-01
 6.968782192433987666e-01 8.733193277310917324e+01 5.876700907259089224e-01
 7.036111760515795233e-01 8.673203410475026942e+01 5.814242971525767079e-01
 7.103441280689269943e-01 8.720395371263256834e+01 5.799742411485898641e-01
 7.170770752495966294e-01 8.663882889368855444e+01 5.767724764866934972e-01
 7.238100175477447662e-01 8.557193987115250877e+01 5.715666093413506177e-01
 7.305429549175271875e-01 8.579899617590822913e+01 5.728029642506519137e-01
 7.372758873130996760e-01 8.530910390848436009e+01 5.703480244994845183e-01
 7.440088146886184584e-01 8.567104320840294918e+01 5.720339948143906561e-01
 7.507417369982394284e-01 8.460420650095596784e+01 5.688007124482766796e-01
 7.574746541961187019e-01 8.413144758735445805e+01 5.656566746632444298e-01
 7.642075662364126165e-01 8.464356905552914156e+01 5.669042454961618072e-01
 7.709404730732766220e-01 8.384574095682607719e+01 5.595321965284715260e-01
 7.776733746608675002e-01 8.396440129449844392e+01 5.572682903772684382e-01
 7.844062709533414779e-01 8.440321839080459654e+01 5.571791627192070884e-01
 7.911391619048543378e-01 8.389325208756494590e+01 5.503926571533316325e-01
 7.978720474695628617e-01 8.362670849204579326e+01 5.475440319480850970e-01
 8.046049276016228324e-01 8.336327608982823278e+01 5.419058173626787323e-01
 8.113378022551908098e-01 8.295737704918036570e+01 5.386317482027929149e-01
 8.180706713844233535e-01 8.298322074526039671e+01 5.378932641664949665e-01
 8.248035349434765795e-01 8.372344518059423990e+01 5.350655799059268469e-01
 8.315363928865072696e-01 8.354832556167865221e+01 5.322919499726561643e-01
 8.382692451676716505e-01 8.309041211101761348e+01 5.287063479777647235e-01
 8.450020917411266153e-01 8.247576451008941945e+01 5.239454885840497678e-01
 8.517349325610285016e-01 8.257947976878590168e+01 5.222686956760766996e-01
 8.584677675815336473e-01 8.202221769262131090e+01 5.172041168316225956e-01
 8.652005967567988343e-01 8.201193848644275874e+01 5.152845955820619661e-01
 8.719334200409812885e-01 8.212412271906953265e+01 5.133052177233655700e-01
 8.786662373882372368e-01 8.111805418232141562e+01 5.066082719943908463e-01
 8.853990487527234610e-01 8.201479873717445912e+01 5.088476813978892732e-01
 8.921318540885970760e-01 8.167327887981336687e+01 5.041200269487340346e-01
 8.988646533500147529e-01 8.136769559308872601e+01 5.027362770066285957e-01
 9.055974464911333843e-01 8.070668459469850120e+01 4.980382092940867644e-01
 9.123302334661096413e-01 8.147741935483880127e+01 4.973628194108782319e-01
 9.190630142291009719e-01 8.150961901169371515e+01 4.959576131232574792e-01
 9.257957887342643799e-01 8.144485842026831790e+01 4.927034168649204737e-01
 9.325285569357564253e-01 8.157946528035643041e+01 4.922857266155036271e-01
 9.392613187877345560e-01 8.054647731464399385e+01 4.875324308054888589e-01
 9.459940742443561090e-01 8.066229508196724396e+01 4.848519052268334684e-01
 9.527268232597779773e-01 7.983947034282610389e+01 4.813653425934432128e-01
 9.594595657881574979e-01 8.048582196697775260e+01 4.807442840716465438e-01
 9.661923017836522298e-01 7.961858059914402475e+01 4.766100593172064581e-01
 9.729250312004187329e-01 7.968152077807260980e+01 4.748128827681971642e-01
 9.796577539926154543e-01 8.005584733893557825e+01 4.735462712105444893e-01
 9.863904701143988429e-01 8.000261643118784605e+01 4.725210014278070081e-01
 9.931231795199266799e-01 7.936022061358156066e+01 4.678132974283952250e-01
 9.998558821633566351e-01 7.951363402503869793e+01 4.670993596279190418e-01
 1.006588577998846379e+00 7.930213994565232838e+01 4.642143314294487344e-01
 1.013321266980553359e+00 7.930274919885320628e+01 4.626082651804499513e-01
 1.020053949062634802e+00 7.875197313182177083e+01 4.599915251490238055e-01
 1.026786624199248932e+00 7.878590381426202782e+01 4.572203965807425385e-01
 1.033519292344553531e+00 7.825963121501477815e+01 4.540372619859393555e-01
 1.040251953452705935e+00 7.858290795323569000e+01 4.550115266899037447e-01
 1.046984607477864149e+00 7.829415594986156179e+01 4.515796960789509873e-01
 1.053717254374186396e+00 7.866839798733964528e+01 4.519959464717761555e-01
 1.060449894095830237e+00 7.767838874680306560e+01 4.457195933254187170e-01
 1.067182526596954117e+00 7.804481881754624339e+01 4.454897055270401474e-01
 1.073915151831715153e+00 7.792891221374044619e+01 4.453003452619745395e-01
 1.080647769754272236e+00 7.743205027494100534e+01 4.411854352531439649e-01
 1.087380380318783590e+00 7.765099514182738005e+01 4.412544842453984817e-01
 1.094112983479406775e+00 7.787205334987586980e+01 4.395803699127102671e-01
 1.100845579190300461e+00 7.743272335844989129e+01 4.364810378551093328e-01
 1.107578167405622649e+00 7.756833870225460714e+01 4.363266562438396501e-01
 1.114310748079531788e+00 7.734816276951116265e+01 4.334850552132739621e-01
 1.121043321166186546e+00 7.733514739229016755e+01 4.324974247498062363e-01
 1.127775886619744927e+00 7.706155459038488686e+01 4.297225915437946075e-01
 1.134508444394365378e+00 7.666542473919521683e+01 4.275614136218903738e-01
 1.141240994444207235e+00 7.698926494707012580e+01 4.285593007666651522e-01
 1.147973536723427834e+00 7.639369038884811403e+01 4.235023322458706940e-01
 1.154706071186186955e+00 7.619669252158657002e+01 4.223984745392036499e-01
 1.161438597786642823e+00 7.682628288995498167e+01 4.227194658402925742e-01
 1.168171116478954108e+00 7.682088260744173169e+01 4.210248394671982641e-01
 1.174903627217279922e+00 7.684085328422324324e+01 4.343757211436036769e-01
 1.181636129955778713e+00 7.708488316642818461e+01 4.427766988011541671e-01
 1.188368624648609595e+00 7.742202585501586043e+01 4.502317470278917599e-01
 1.195101111249931902e+00 7.745631720430112921e+01 4.563068117650393996e-01
 1.201833589713903860e+00 7.755243923168448816e+01 4.592596581156337954e-01
 1.208566059994685027e+00 7.733054684778832666e+01 4.641987192857415789e-01
 1.215298522046434737e+00 7.772201850881781127e+01 4.659812427778167732e-01
 1.222030975823312104e+00 7.720202738751557092e+01 4.686949803053629959e-01
 1.228763421279476020e+00 7.721833665519115186e+01 4.731403812240289608e-01
 1.235495858369086042e+00 7.745828031267049596e+01 4.746495727061765257e-01
 1.242228287046301727e+00 7.713912075681709268e+01 4.784787640820007404e-01
 1.248960707265281966e+00 7.725981481481487378e+01 4.784537279838810275e-01
 1.255693118980186540e+00 7.771141191953374516e+01 4.834898886255893924e-01
 1.262425522145175005e+00 7.829001135073778528e+01 4.867989019547439566e-01
 1.269157916714407142e+00 7.757399274393736732e+01 4.868293767498432789e-01
 1.275890302642042506e+00 7.749024154589385205e+01 4.894725278340070762e-01
 1.282622679882240213e+00 7.727454792922424076e+01 4.903091135261937183e-01
 1.289355048389160485e+00 7.597274709302331530e+01 4.699478790156913499e-01
 1.296087408116963768e+00 7.608198994626452816e+01 4.593573327494326897e-01
 1.302819759019809176e+00 7.618377926421408119e+01 4.514822241243151013e-01
 1.309552101051856488e+00 7.598565607171963165e+01 4.451624424713341854e-01
 1.316284434167266371e+00 7.558928856914477024e+01 4.397202469986050133e-01
 1.323016758320198605e+00 7.584225308160401369e+01 4.351314447486283044e-01
 1.329749073464813636e+00 7.482923433874709929e+01 4.303396650187723549e-01
 1.336481379555271243e+00 7.571087252381671817e+01 4.279961433021874373e-01
 1.343213676545730761e+00 7.429257641921402922e+01 4.230736341474970463e-01
 1.349945964390354636e+00 7.427241635687732924e+01 4.203660401236342659e-01
 1.356678243043301535e+00 7.396222577364524398e+01 4.146446751749334192e-01
 1.363410512458733459e+00 7.419208633093526828e+01 4.132818957638743074e-01
 1.370142772590808855e+00 7.433117157761175520e+01 4.094779311796793997e-01
 1.376875023393690167e+00 7.456813446311993232e+01 4.070994762055921146e-01
 1.383607264821536509e+00 7.414852308972402284e+01 4.056145226150797978e-01
 1.390339496828509880e+00 7.424140283842778842e+01 4.026153658704485494e-01
 1.397071719368770504e+00 7.400108784335051837e+01 4.012520189218037325e-01
 1.403803932396478604e+00 7.404615591037169509e+01 3.986994984023569111e-01
 1.410536135865796403e+00 7.396656453976285661e+01 3.970493664085357755e-01
 1.417268329730883680e+00 7.323892049212858524e+01 3.937302529500552595e-01
 1.424000513945901547e+00 7.332865573770480694e+01 3.922626239372478119e-01
 1.430732688465012226e+00 7.393442194644012488e+01 3.931069614006325597e-01
 1.437464853242375717e+00 7.396787925696584409e+01 3.907281426241600575e-01
 1.444197008232153134e+00 7.324156510583716795e+01 3.877311914262215886e-01
 1.450929153388506698e+00 7.271035805626587489e+01 3.857045449862502862e-01
 1.457661288665597077e+00 7.265333841076417798e+01 3.841313835775841956e-01
 1.464393414017585826e+00 7.254296230486096420e+01 3.838151242591598122e-01
 1.471125529398634946e+00 7.218975979772433504e+01 3.821286041824942248e-01
 1.477857634762904659e+00 7.228745907831783768e+01 3.816159601341335694e-01
 1.484589730064558299e+00 7.305133676415216826e+01 3.830245989257820005e-01
 1.491321815257756311e+00 7.274247699577222193e+01 3.804275843967577231e-01
 1.498053890296660695e+00 7.262075798860529119e+01 3.793551703658981644e-01
 1.504785955135433895e+00 7.336436301032944129e+01 3.799302574318179637e-01
 1.511518009728236800e+00 7.262194973898279216e+01 3.755860130540812358e-01
 1.518250054029232521e+00 7.216029698149952765e+01 3.748684858163285893e-01
 1.524982087992582169e+00 7.211608643457401513e+01 3.721804579390095014e-01
 1.531714111572447745e+00 7.179808268424216067e+01 3.710250602321850111e-01
 1.538446124722992359e+00 7.197653365098264544e+01 3.703779339895769129e-01
 1.545178127398378010e+00 7.187316611452862958e+01 3.688617610935366331e-01
 1.551910119552766476e+00 7.167059794787130045e+01 3.677546625439975236e-01
 1.558642101140320646e+00 7.164772594411321904e+01 3.661018813466062061e-01
 1.565374072115202519e+00 7.203819363826322331e+01 3.657960106513321041e-01
 1.572106032431574985e+00 7.163346474953614518e+01 3.645554508099973501e-01
 1.578837982043600707e+00 7.128610697514602634e+01 3.614352001636595979e-01
 1.585569920905441910e+00 7.164580239862949895e+01 3.618489290362325028e-01
 1.592301848971261924e+00 7.141561253561252443e+01 3.608552361951201659e-01
 1.599033766195223194e+00 7.133276893554590004e+01 3.589320023304639062e-01
 1.605765672531489052e+00 7.117529385171799561e+01 3.587583919835997670e-01
 1.612497567934221943e+00 7.143368655884013663e+01 3.570560336249170019e-01
 1.619229452357584975e+00 7.157247665629171252e+01 3.567863993172040171e-01
 1.625961325755741704e+00 7.142474842419547088e+01 3.554905706386860542e-01
 1.632693188082855018e+00 7.129555727042239255e+01 3.546203399810144985e-01
 1.639425039293088471e+00 7.135289600702076029e+01 3.538862064820483821e-01
 1.646156879340604728e+00 7.134427655179908356e+01 3.522648020958191184e-01
 1.652888708179568011e+00 7.123732493757475481e+01 3.517712982168668678e-01
 1.659620525764141652e+00 7.057064220183472969e+01 3.490995703356924440e-01
 1.666352332048488538e+00 7.082349779640968279e+01 3.490094341989920523e-01
 1.673084126986773112e+00 7.089280375827482317e+01 3.480038038044309667e-01
 1.679815910533158929e+00 7.069270833333318649e+01 3.467357703561087523e-01
 1.686547682641809764e+00 7.077145571624619436e+01 3.457365445007343774e-01
 1.693279443266889617e+00 7.051036514784816234e+01 3.445530578554343304e-01
 1.700011192362562040e+00 7.029302569480877594e+01 3.434438638036310665e-01
 1.706742929882991699e+00 7.040973164874192491e+01 3.429743108808294694e-01
 1.713474655782341705e+00 7.067167737922444815e+01 3.423805318332742709e-01
 1.720206370014777830e+00 7.013236964377900051e+01 3.403842334192331287e-01
 1.726938072534462965e+00 7.027411897667748519e+01 3.398868281600930796e-01
 1.733669763295562216e+00 7.054306733421886122e+01 3.395958442352250972e-01
 1.740401442252239361e+00 6.987041764525686460e+01 3.378693401847439604e-01
 1.747133109358659731e+00 6.960916632942128501e+01 3.356810609995052874e-01
 1.753864764568987544e+00 6.976317915572623463e+01 3.357466298924029480e-01
 1.760596407837387467e+00 6.955516408294774067e+01 3.347053106684267920e-01
 1.767328039118024385e+00 6.970444978953699433e+01 3.343247228488145373e-01
 1.774059658365062742e+00 6.979194029850744130e+01 3.333339867818648217e-01
 1.780791265532667866e+00 6.963716376582272005e+01 3.319418408477842197e-01
 1.787522860575004646e+00 6.916288700453542049e+01 3.303199049480178839e-01
 1.794254443446239078e+00 6.941230739032293684e+01 3.301508736864610660e-01
 1.800986014100534938e+00 6.962346041055751300e+01 3.299893902984941119e-01
 1.807717572492057556e+00 6.906885819879389032e+01 3.278402934986872630e-01
 1.814449118574972930e+00 6.926612197257068715e+01 3.283240893851228082e-01
 1.821180652303446390e+00 6.918662175168422834e+01 3.264098682944714391e-01
 1.827912173631643933e+00 6.917729064513032711e+01 3.262152182982407389e-01
 1.834643682513730667e+00 6.893933014354061584e+01 3.248892755510721098e-01
 1.841375178903871035e+00 6.883669010070306626e+01 3.234731951805415173e-01
 1.848106662756232810e+00 6.904561470336165030e+01 3.243491112847676772e-01
 1.854838134024981100e+00 6.926373729770411103e+01 3.229142265964101699e-01
 1.861569592664281458e+00 6.887059155459418491e+01 3.219207649742598099e-01
 1.868301038628300548e+00 6.911576677915218170e+01 3.219638063232504455e-01
 1.875032471871203921e+00 6.881470780128634601e+01 3.203472526375092388e-01
 1.881763892347158018e+00 6.876637513956090686e+01 3.199515574134160212e-01
 1.888495300010329059e+00 6.916321243523312035e+01 3.199815234192917024e-01
 1.895226694814883261e+00 6.881374438021838102e+01 3.178368588437527897e-01
 1.901958076714988177e+00 6.851171767300806437e+01 3.174007978854363476e-01
 1.908689445664808693e+00 6.866988874703629619e+01 3.165330353975009392e-01
 1.915420801618512137e+00 6.839786807580159689e+01 3.157615351008945526e-01
 1.922152144530265616e+00 6.788618403124714007e+01 3.141063773416108429e-01
 1.928883474354235794e+00 6.817153153153148537e+01 3.134729185688636677e-01
 1.935614791044589555e+00 6.806932033577045615e+01 3.135345588785801163e-01
 1.942346094555493341e+00 6.809635649223068299e+01 3.119260872334015944e-01
 1.949077384841114702e+00 6.767347120698882179e+01 3.106787150394920149e-01
 1.955808661855620745e+00 6.757516688918551040e+01 3.102180163106261213e-01
 1.962539925553178799e+00 6.816204521370544001e+01 3.103354350566359110e-01
 1.969271175887955971e+00 6.846681396376457940e+01 3.111521252083508937e-01
 1.976002412814120479e+00 6.761997360316772188e+01 3.085409197065506759e-01
 1.982733636285838985e+00 6.762543767507001746e+01 3.077555818248562391e-01
 1.989464846257279040e+00 6.783781190019189467e+01 3.077270722630415234e-01
 1.996196042682609084e+00 6.763908404892016790e+01 3.063818475047380696e-01
 2.002927225515996668e+00 6.769490060501297535e+01 3.059646758355224483e-01
 2.009658394711609564e+00 6.777516170763232140e+01 3.058157834875585568e-01
 2.016389550223615768e+00 6.715155151722974836e+01 3.034778725972498425e-01
 2.023120692006183052e+00 6.737204926445426167e+01 3.036375417772591012e-01
 2.029851820013480079e+00 6.697692242186830924e+01 3.020877085029041176e-01
 2.036582934199675066e+00 6.726321585903075118e+01 3.019494232999125893e-01
 2.043314034518936673e+00 6.745625053042533636e+01 3.026517234862038386e-01
 2.050045120925432673e+00 6.735093036962183533e+01 3.012162606140759702e-01
 2.056776193373332173e+00 6.706668346350896570e+01 3.002010657661582371e-01
 2.063507251816802945e+00 6.691762643965952861e+01 2.989273126144320059e-01
 2.070238296210015427e+00 6.711340206185576562e+01 2.987912731173082426e-01
 2.076969326507136504e+00 6.705879417879424409e+01 2.987069440243645957e-01
 2.083700342662337057e+00 6.740956787573330189e+01 2.985205590382866148e-01
 2.090431344629784416e+00 6.701279722589175947e+01 2.975301173123742204e-01
 2.097162332363648574e+00 6.693679717639322746e+01 2.964936068511057621e-01
 2.103893305818098636e+00 6.677645134914146752e+01 2.955686927483580639e-01
 2.110624264947303708e+00 6.694573643410846842e+01 2.956410902752489855e-01
 2.117355209705434227e+00 6.667302695680410807e+01 2.943067599076164553e-01
 2.124086140046657967e+00 6.635832860960395863e+01 2.932188022509717995e-01
 2.130817055925145809e+00 6.676644869621371470e+01 2.936676182146129022e-01
 2.137547957295067302e+00 6.642990129203104743e+01 2.920554714722193856e-01
 2.144278844110591997e+00 6.649959929475900822e+01 2.920095230049467583e-01
 2.151009716325889887e+00 6.643481386802993427e+01 2.914005579617487407e-01
 2.157740573895131408e+00 6.658006042296179317e+01 2.910223133427464748e-01
 2.164471416772485668e+00 6.654894190378065844e+01 2.905042679324508770e-01
 2.171202244912123991e+00 6.659024814287963068e+01 2.901692537985610665e-01
 2.177933058268215927e+00 6.635207170375028340e+01 2.889087873114992711e-01
 2.184663856794932357e+00 6.618142531625684910e+01 2.884463364243511352e-01
 2.191394640446443720e+00 6.619472616632864970e+01 2.874494967631066600e-01
 2.198125409176920453e+00 6.627925469712327811e+01 2.875320442589193171e-01
 2.204856162940533437e+00 6.600706741223979179e+01 2.863945349543920993e-01
 2.211586901691453555e+00 6.577388411851158878e+01 2.853237092913810113e-01
 2.218317625383851688e+00 6.591264758083180197e+01 2.852716570277621377e-01
 2.225048333971898717e+00 6.600076799016970597e+01 2.847818561939798876e-01
 2.231779027409765526e+00 6.588832526323891159e+01 2.846484919777893530e-01
 2.238509705651624326e+00 6.548277705644227353e+01 2.828811129142716485e-01
 2.245240368651645113e+00 6.558127517288556874e+01 2.823829535207533770e-01
 2.251971016364000100e+00 6.578415134478031234e+01 2.827871599612809539e-01
 2.258701648742861501e+00 6.573075177734128260e+01 2.820302644537928116e-01
 2.265432265742399309e+00 6.554746120235033402e+01 2.810845806021437521e-01
 2.272162867316786627e+00 6.543359639233408132e+01 2.805129705824027098e-01
 2.278893453420194781e+00 6.549749270264209144e+01 2.800611365305196720e-01
 2.285624024006795985e+00 6.536688820849819592e+01 2.794681961439633988e-01
 2.292354579030762451e+00 6.541239109390133422e+01 2.791696272930145328e-01
 2.299085118446265508e+00 6.495353654927484399e+01 2.772919749287728330e-01
 2.305815642207478255e+00 6.539963004069559815e+01 2.782528441134165531e-01
 2.312546150268572909e+00 6.566632292280500849e+01 2.781925053497480427e-01
 2.319276642583721681e+00 6.536773767605632202e+01 2.769886221542015026e-01
 2.326007119107097676e+00 6.524847818115155462e+01 2.767053866232395132e-01
 2.332737579792873106e+00 6.467727835652367219e+01 2.745668129590562723e-01
 2.339468024595221074e+00 6.522572656420697967e+01 2.757084023004796047e-01
 2.346198453468314682e+00 6.527976535341839792e+01 2.750324227245428133e-01
 2.352928866366326588e+00 6.462628958949572677e+01 2.731286893815318972e-01
 2.359659263243429894e+00 6.474747255921437272e+01 2.735129376227776188e-01
 2.366389644053798147e+00 6.508336322548235842e+01 2.733248861840817945e-01
 2.373120008751604448e+00 6.494906645682807778e+01 2.726518165016542095e-01
 2.379850357291022789e+00 6.465258952774999557e+01 2.716501352995707164e-01
 2.386580689626225826e+00 6.477201593398774548e+01 2.715138130404682881e-01
 2.393311005711388439e+00 6.456372792396636839e+01 2.706824728708415173e-01
 2.400041305500683286e+00 6.474994690265485531e+01 2.708229543404648831e-01
 2.406771588948285245e+00 6.439353839656506295e+01 2.692960269543311358e-01
 2.413501856008367419e+00 6.432006750105460924e+01 2.690003839821409337e-01
 2.420232106635105129e+00 6.415282648337783655e+01 2.683110654957153174e-01
 2.426962340782671035e+00 6.408828665223146004e+01 2.676229227988720094e-01
 2.433692558405240902e+00 6.442628316735155636e+01 2.679349898071912150e-01
 2.440422759456988722e+00 6.452816072047122020e+01 2.674399241433635943e-01
 2.447152943892089372e+00 6.464578713968953139e+01 2.677113876412927640e-01
 2.453883111664716399e+00 6.420177918764231606e+01 2.661549494956722550e-01
 2.460613262729046014e+00 6.409082783278317663e+01 2.655314695326953522e-01
 2.467343397039252206e+00 6.409607856603248877e+01 2.653872904224336415e-01
 2.474073514549511188e+00 6.407077407002201141e+01 2.647627526203011339e-01
 2.480803615213996505e+00 6.403135888501726924e+01 2.645637356544266461e-01
 2.487533698986884811e+00 6.388473308398479134e+01 2.636489336997021038e-01
 2.494263765822350543e+00 6.404774805282762884e+01 2.634481770948090551e-01
 2.500993815674569465e+00 6.417972132034608990e+01 2.635499437630701158e-01
 2.507723848497717789e+00 6.360730163006868310e+01 2.618235754754217326e-01
 2.514453864245970394e+00 6.372563104189038086e+01 2.616268015491128307e-01
 2.521183862873503934e+00 6.380166175288111674e+01 2.615371376174501217e-01
 2.527913844334493731e+00 6.379676319133270113e+01 2.612733700468301556e-01
 2.534643808583115998e+00 6.390038007601503978e+01 2.611015898505034682e-01
 2.541373755573546944e+00 6.384497410702416431e+01 2.604246128939335936e-01
 2.548103685259963669e+00 6.338311817279053173e+01 2.591113439515132510e-01
 2.554833597596541050e+00 6.316324775013224979e+01 2.586016223850751139e-01
 2.561563492537457076e+00 6.334489809379322622e+01 2.585543735061246462e-01
 2.568293370036887513e+00 6.343012656567646701e+01 2.579806294743861028e-01
 2.575023230049009904e+00 6.318006683703575277e+01 2.573703633376441258e-01
 2.581753072528000015e+00 6.333294186729304442e+01 2.571261478971981207e-01
 2.588482897428035834e+00 6.331189731561117640e+01 2.569074866077717401e-01
 2.595212704703294015e+00 6.353166363872314548e+01 2.568180860882722794e-01
 2.601942494307952991e+00 6.323096331759072797e+01 2.558363715710914588e-01
 2.608672266196189415e+00 6.317909467183513073e+01 2.577063367317149467e-01
 2.615402020322179943e+00 6.353230769230766128e+01 2.636388261196334071e-01
 2.622131756640103006e+00 6.309394002935620449e+01 2.656314708693001125e-01
 2.628861475104135703e+00 6.311453149438364818e+01 2.679411186208354168e-01
 2.635591175668456909e+00 6.342322124404682171e+01 2.706037812022915601e-01
 2.642320858287245056e+00 6.353605084374309087e+01 2.725111259968807098e-01
 2.649050522914675465e+00 6.341862007961083236e+01 2.734906471991206400e-01
 2.655780169504930122e+00 6.309530201342290923e+01 2.743747324857092051e-01
 2.662509798012184792e+00 6.279380357948566171e+01 2.748686580171650351e-01
 2.669239408390618795e+00 6.296275788834948628e+01 2.764256029064089959e-01
 2.675969000594410563e+00 6.318240768996062684e+01 2.777089399771885958e-01
 2.682698574577738526e+00 6.323749325522248910e+01 2.792718135852963468e-01
 2.689428130294782449e+00 6.344627585134504244e+01 2.809369131768107986e-01
 2.696157667699720761e+00 6.326160665681607753e+01 2.805604838960118474e-01
 2.702887186746732784e+00 6.334804460499446321e+01 2.821266912185094178e-01
 2.709616687389997391e+00 6.304253802281377261e+01 2.826691044120626661e-01
 2.716346169583693904e+00 6.277900641025652817e+01 2.837003800740757753e-01
 2.723075633282002972e+00 6.238919392058558344e+01 2.818375604813521673e-01
 2.729805078439101695e+00 6.233520912547528781e+01 2.753999298645509741e-01
 2.736534505009172946e+00 6.239039712811295146e+01 2.732353727494524209e-01
 2.743263912946394267e+00 6.235207625240129659e+01 2.715015823329246514e-01
 2.749993302204946755e+00 6.214111460083270089e+01 2.694833425320053433e-01
 2.756722672739009727e+00 6.221017490383919579e+01 2.687706566979328748e-01
 2.763452024502763393e+00 6.165139471021832662e+01 2.669898683079982016e-01
 2.770181357450389736e+00 6.203142713639957861e+01 2.668586150499461795e-01
 2.776910671536068076e+00 6.146026986506747392e+01 2.649626498476960745e-01
 2.783639966713977287e+00 6.143954399715001813e+01 2.646535809624309676e-01
 2.790369242938302463e+00 6.158620934023105775e+01 2.642547681402333537e-01
 2.797098500163220258e+00 6.138499080492299953e+01 2.635706819370651766e-01
 2.803827738342914433e+00 6.175942498766828237e+01 2.638791723285530688e-01
 2.810556957431563418e+00 6.109104382807532119e+01 2.626510637453340347e-01
 2.817286157383351419e+00 6.110645662616560969e+01 2.628047828994981572e-01
 2.824015338152459087e+00 6.124550391423936446e+01 2.628901391008504618e-01
 2.830744499693066185e+00 6.107527561266761040e+01 2.619524506980289713e-01
 2.837473641959356030e+00 6.096684461927503662e+01 2.617657734841816186e-01
 2.844202764905510161e+00 6.128179271708734888e+01 2.620363964650078148e-01
 2.850931868485711007e+00 6.070086543830260695e+01 2.603542349971731951e-01
 2.857660952654139219e+00 6.065279810439750463e+01 2.600606202710999959e-01
 2.864390017364977670e+00 6.076111111111124075e+01 2.598313793193818277e-01
 2.871119062572409231e+00 6.058688844039244259e+01 2.597383297351903986e-01
 2.877848088230614554e+00 6.024930574840328035e+01 2.586988263464229387e-01
 2.884577094293779176e+00 6.037401737691340031e+01 2.580899411786438113e-01
 2.891306080716084193e+00 6.023692731656903021e+01 2.576812843484880267e-01
 2.898035047451711588e+00 6.051064412348550547e+01 2.574338399297563251e-01
 2.904763994454846454e+00 6.029160991555438898e+01 2.563104090482739017e-01
 2.911492921679668999e+00 6.037947396963122060e+01 2.559052537218870493e-01
 2.918221829080365648e+00 6.049527218695125441e+01 2.556829899851986165e-01
 2.924950716611118384e+00 6.001279719808722746e+01 2.543094929218452926e-01
 2.931679584226109636e+00 6.016325434651270854e+01 2.542004075271399599e-01
 2.938408431879524496e+00 5.995731299344303267e+01 2.533486434134508136e-01
 2.945137259525547169e+00 5.991107247927257617e+01 2.531662508172164427e-01
 2.951866067118360082e+00 6.030321674580333990e+01 2.540189194621475521e-01
 2.958594854612148772e+00 6.016769855535572020e+01 2.531583568518814831e-01
 2.965323621961095668e+00 5.960324965039607292e+01 2.520016418384371515e-01
 2.972052369119387638e+00 5.975196326367627364e+01 2.522402503537000684e-01
 2.978781096041206666e+00 5.974697995486531710e+01 2.518946761430890802e-01
 2.985509802680738289e+00 5.980047773870353467e+01 2.519656180327838335e-01
 2.992238488992168044e+00 5.975397350993382872e+01 2.516256517523550174e-01
 2.998967154929679690e+00 5.934890636357630456e+01 2.504977535830149038e-01
 3.005695800447459654e+00 5.939891433867358472e+01 2.508271276047677190e-01
 3.012424425499691250e+00 5.993995518059564631e+01 2.514182396352695470e-01
 3.019153030040561347e+00 5.972054758457263546e+01 2.507759133781153338e-01
 3.025881614024254596e+00 5.948664864508472050e+01 2.505070191027072291e-01
 3.032610177404956975e+00 5.941593965234484642e+01 2.497168004930963026e-01
 3.039338720136854466e+00 5.932004204164757510e+01 2.496954293543950099e-01
 3.046067242174132161e+00 5.928795228106965709e+01 2.493577534994201317e-01
 3.052795743470976486e+00 5.935296039733365348e+01 2.491191338583909343e-01
 3.059524223981573865e+00 5.940157119476255332e+01 2.494412924336025794e-01
 3.066252683660110279e+00 5.894194560669448890e+01 2.483037551442145996e-01
 3.072981122460772596e+00 5.863907025332976986e+01 2.475032182486456012e-01
 3.079709540337746354e+00 5.856486908948809145e+01 2.470403031627171619e-01
 3.086437937245219754e+00 5.862828519385886494e+01 2.470292610914712195e-01
 3.093166313137378332e+00 5.860912285268078392e+01 2.470210288752581751e-01
 3.099894667968409845e+00 5.901543950697372765e+01 2.474976329333175018e-01
 3.106623001692501163e+00 5.871023979261191528e+01 2.467368155922803896e-01
 3.113351314263839598e+00 5.849698775668838380e+01 2.462324525413437937e-01
 3.120079605636613351e+00 5.834422305602264913e+01 2.457436306450506980e-01
 3.126807875765008404e+00 5.840961600516309460e+01 2.455875669790759941e-01
 3.133536124603214734e+00 5.845794332192885889e+01 2.457208620640625174e-01
 3.140264352105418322e+00 5.850048334085200707e+01 2.456042277966381249e-01
 3.146992558225807368e+00 5.830287223080883763e+01 2.451021976775117628e-01
 3.153720742918571407e+00 5.804124573708250523e+01 2.444493426073638953e-01
 3.160448906137896863e+00 5.843088074924630604e+01 2.448905796137825497e-01
 3.167177047837974158e+00 5.816619555441338463e+01 2.445157326685956090e-01
 3.173905167972990160e+00 5.785737169218944587e+01 2.435452291912539313e-01
 3.180633266497133960e+00 5.801092581943641591e+01 2.435251636735173975e-01
 3.187361343364595534e+00 5.781456614873097521e+01 2.432059171287968835e-01
 3.194089398529563084e+00 5.750258901745180395e+01 2.425178269596394987e-01
 3.200817431946226588e+00 5.821539049073896166e+01 2.434876759747596486e-01
 3.207545443568775134e+00 5.752536647546232729e+01 2.422022741302051196e-01
 3.214273433351396481e+00 5.772431332655131797e+01 2.423274592029873442e-01
 3.221001401248282825e+00 5.772600737256896508e+01 2.422848053580838323e-01
 3.227729347213621480e+00 5.807068461831563866e+01 2.429144448779448351e-01
 3.234457271201605533e+00 5.767913997589899822e+01 2.419328522911254609e-01
 3.241185173166422295e+00 5.777666708844722621e+01 2.418383912955892612e-01
 3.247913053062262634e+00 5.772041307653331899e+01 2.418890285970704546e-01
 3.254640910843318302e+00 5.753429238437755799e+01 2.410029988681442747e-01
 3.261368746463777502e+00 5.720493095403249129e+01 2.402364074197227972e-01
 3.268096559877833762e+00 5.723755127800571074e+01 2.404110318029622495e-01
 3.274824351039675285e+00 5.756433592769257501e+01 2.404371613312424882e-01
 3.281552119903494713e+00 5.724246428796185882e+01 2.400731210070783106e-01
 3.288279866423483799e+00 5.721042046383000468e+01 2.398550260056576677e-01
 3.295007590553830745e+00 5.706142660147913404e+01 2.392194624423593097e-01
 3.301735292248730413e+00 5.707291797512877451e+01 2.394838438570291161e-01
 3.308462971462371893e+00 5.721050000000006719e+01 2.391871652075003574e-01
 3.315190628148949159e+00 5.699668853483282049e+01 2.387024981729552464e-01
 3.321918262262652188e+00 5.703020449002541881e+01 2.388771693463401791e-01
 3.328645873757673623e+00 5.695903884462129696e+01 2.381850339610137313e-01
 3.335373462588206550e+00 5.712607396339180355e+01 2.385488731882978442e-01
 3.342101028708443167e+00 5.694301035041768699e+01 2.383444799737860775e-01
 3.348828572072574339e+00 5.655592757936501158e+01 2.368693120927124474e-01
 3.355556092634795373e+00 5.676811684275951109e+01 2.375933128630204338e-01
 3.362283590349297135e+00 5.699126015000309309e+01 2.377423517130609065e-01
 3.369011065170273600e+00 5.652242678858267055e+01 2.363745000552510134e-01
 3.375738517051916077e+00 5.664561751752356855e+01 2.371085202215717502e-01
 3.382465945948420760e+00 5.679477519762842519e+01 2.368993865868914972e-01
 3.389193351813979405e+00 5.695435505728725900e+01 2.369248911014720238e-01
 3.395920734602784652e+00 5.617686276930682965e+01 2.355562488269764831e-01
 3.402648094269033141e+00 5.679348293882554088e+01 2.363644779409349583e-01
 3.409375430766916626e+00 5.669629675196831187e+01 2.362275210152453286e-01
 3.416102744050629969e+00 5.643160159852446611e+01 2.356102313123755176e-01
 3.422830034074366257e+00 5.630801274197509088e+01 2.349263863430854082e-01
 3.429557300792321684e+00 5.620724309087554360e+01 2.347520330743469719e-01
 3.436284544158689336e+00 5.602329430515549546e+01 2.344106799574256217e-01
 3.443011764127665408e+00 5.588756565286434608e+01 2.336900356498996800e-01
 3.449738960653443876e+00 5.613303620489649859e+01 2.341669323881755971e-01
 3.456466133690219156e+00 5.599676770140874993e+01 2.337541190698880778e-01
 3.463193283192187888e+00 5.592214037864495424e+01 2.333849008945607928e-01
 3.469920409113544491e+00 5.615403809871564533e+01 2.338398316373192509e-01
 3.476647511408483826e+00 5.615009722897426059e+01 2.336539397641435589e-01
 3.483374590031203866e+00 5.582360436893183930e+01 2.328039392806617036e-01
 3.490101644935898584e+00 5.597700242718428854e+01 2.331235816004832428e-01
 3.496828676076764175e+00 5.566672718470113779e+01 2.321668678951544218e-01
 3.503555683407997279e+00 5.543621971116088076e+01 2.315106194565984821e-01
 3.510282666883794089e+00 5.571141629862673028e+01 2.322249088690387098e-01
 3.517009626458351246e+00 5.570447959430040896e+01 2.319649891441604439e-01
 3.523736562085864943e+00 5.559642147117296673e+01 2.314954439791276075e-01
 3.530463473720533152e+00 5.547675401521551208e+01 2.315043320996628962e-01
 3.537190361316551179e+00 5.514282286605474326e+01 2.300507550095057530e-01
 3.543917224828116552e+00 5.520625375826804060e+01 2.304666055891378962e-01
 3.550644064209427686e+00 5.513549434688471962e+01 2.303327113098263268e-01
 3.557370879414681220e+00 5.513742514970049058e+01 2.298396736695547393e-01
 3.564097670398074680e+00 5.499330063404744351e+01 2.294154826956716908e-01
 3.570824437113806926e+00 5.515141351221820543e+01 2.298963611257426598e-01
 3.577551179516074598e+00 5.503043659538983690e+01 2.290071573774482006e-01
 3.584277897559077442e+00 5.517831541218637881e+01 2.296500176811808180e-01
 3.591004591197011209e+00 5.526951451689648565e+01 2.293743212830533507e-01
 3.597731260384076535e+00 5.508391400154869899e+01 2.291047567800060525e-01
 3.604457905074471835e+00 5.440955042816379716e+01 2.275287132331680062e-01
 3.611184525222394637e+00 5.486116556763482066e+01 2.283556412311423811e-01
 3.617911120782045575e+00 5.492749585013042690e+01 2.282564692312455956e-01
 3.624637691707622178e+00 5.502349590601632912e+01 2.285507161187471659e-01
 3.631364237953325524e+00 5.447570802227760112e+01 2.272484563316320982e-01
 3.638090759473353142e+00 5.457555188289452985e+01 2.270265872305379240e-01
 3.644817256221905666e+00 5.505094976034103382e+01 2.283031461412387830e-01
 3.651543728153183732e+00 5.486825817860302834e+01 2.274802234040223248e-01
 3.658270175221385756e+00 5.465608838740006803e+01 2.266994812679249960e-01
 3.664996597380713705e+00 5.473444595152439973e+01 2.272562543818144598e-01
 3.671722994585365107e+00 5.437280778931310010e+01 2.258922941593212164e-01
 3.678449366789542818e+00 5.442228739002933224e+01 2.259884249806778656e-01
 3.685175713947447029e+00 5.443874259574224084e+01 2.260159595638975005e-01
 3.691902036013277932e+00 5.446165563301894963e+01 2.259442908137082595e-01
 3.698628332941237051e+00 5.435853258321593984e+01 2.257633456006506445e-01
 3.705354604685525466e+00 5.392956187368912424e+01 2.242147526381180755e-01
 3.712080851200345588e+00 5.419327633339140249e+01 2.245726499039350510e-01
 3.718807072439896722e+00 5.417942472744130811e+01 2.242116521851378885e-01
 3.725533268358382166e+00 5.400780707841783368e+01 2.235453547571762123e-01
 3.732259438910003002e+00 5.447692130163860469e+01 2.242548937596609282e-01
 3.738985584048960753e+00 5.417398551557658237e+01 2.232059265193503395e-01
 3.745711703729459607e+00 5.387127690100439992e+01 2.224089361684448152e-01
 3.752437797905700645e+00 5.378624429223737025e+01 2.216300020329603770e-01
 3.759163866531885834e+00 5.406617354196301051e+01 2.218580244782689392e-01
 3.765889909562219362e+00 5.410961943227707849e+01 2.219218928389326551e-01
 3.772615926950902310e+00 5.400271155801614498e+01 2.209309736948152358e-01
 3.779341918652139753e+00 5.364536199095067559e+01 2.203357413263624665e-01
 3.786067884620134105e+00 5.372420601342586366e+01 2.202050993752720787e-01
 3.792793824809088665e+00 5.411429698062197247e+01 2.208474337333135862e-01
 3.799519739173207178e+00 5.375799292015521758e+01 2.198407079771260153e-01
 3.806245627666692055e+00 5.340857191068117515e+01 2.192359694288451566e-01
 3.812971490243749706e+00 5.336820835204294866e+01 2.189254247053923630e-01
 3.819697326858582098e+00 5.354781535700271888e+01 2.192135410337436030e-01
 3.826423137465395197e+00 5.371614131347645582e+01 2.193610468036708283e-01
 3.833148922018392302e+00 5.356578726264493184e+01 2.191029045871805137e-01
 3.839874680471778046e+00 5.348060152057245631e+01 2.187143306376432283e-01
 3.846600412779758837e+00 5.326420470417347985e+01 2.182043131021256799e-01
 3.853326118896538865e+00 5.294304502897909259e+01 2.172725288361920526e-01
 3.860051798776321874e+00 5.309069611780447673e+01 2.176723567706778661e-01
 3.866777452373314716e+00 5.294427761094434715e+01 2.170453611285083628e-01
 3.873503079641723357e+00 5.313260651907874177e+01 2.174552333792953984e-01
 3.880228680535752428e+00 5.283232368143161750e+01 2.167494766432592201e-01
 3.886954255009608339e+00 5.302286821705425268e+01 2.167368348095951580e-01
 3.893679803017496166e+00 5.311705667073304937e+01 2.170855716822567005e-01
 3.900405324513624539e+00 5.315306631211566923e+01 2.170568618854389620e-01
 3.907130819452196757e+00 5.334570560618629287e+01 2.171253136004058781e-01
 3.913856287787422783e+00 5.278149171270735707e+01 2.160038708732496260e-01
 3.920581729473506361e+00 5.284202682563346798e+01 2.160262778436935482e-01
 3.927307144464656563e+00 5.282710949548351209e+01 2.157636739200136933e-01
 3.934032532715081576e+00 5.258810572687221452e+01 2.152513247322913881e-01
 3.940757894178984699e+00 5.266277468744841173e+01 2.154218807731046181e-01
 3.947483228810577227e+00 5.277623338094720395e+01 2.153870718254602135e-01
 3.954208536564064680e+00 5.298096439738878161e+01 2.156445558990614242e-01
 3.960933817393656131e+00 5.276921812503433529e+01 2.150834472161251010e-01
 3.967659071253559766e+00 5.241959688903494197e+01 2.143286499636311571e-01
 3.974384298097982882e+00 5.275440323815769972e+01 2.148708472762603239e-01
 3.981109497881135439e+00 5.269210987086901810e+01 2.147791953474509630e-01
 3.987834670557223848e+00 5.239222422160396775e+01 2.137989579331677492e-01
 3.994559816080458958e+00 5.222739427012265878e+01 2.135439043613167054e-01
 4.001284934405049398e+00 5.220633883352393667e+01 2.132798335278398016e-01
 4.008010025485202910e+00 5.187865608350555391e+01 2.124302004132864741e-01
 4.014735089275131230e+00 5.169152118344502611e+01 2.120870784825302224e-01
 4.021460125729040769e+00 5.235234370756612776e+01 2.132992688589464558e-01
 4.028185134801144152e+00 5.201419361828929766e+01 2.123326800400298087e-01
 4.034910116445652228e+00 5.188877995642732088e+01 2.126475496077606386e-01
 4.041635070616770520e+00 5.198424614684622469e+01 2.174950506228025271e-01
 4.048359997268714316e+00 5.180456064247610470e+01 2.204282253106592537e-01
 4.055084896355690915e+00 5.169643714011517233e+01 2.227390930873203723e-01
 4.061809767831911167e+00 5.172241862733133644e+01 2.245939484268358322e-01
 4.068534611651587696e+00 5.190079217724979799e+01 2.267008678912831865e-01
 4.075259427768929577e+00 5.154627709707826710e+01 2.276435354600996053e-01
 4.081984216138151211e+00 5.146557105548129840e+01 2.290247377980242915e-01
 4.088708976713459897e+00 5.192728210417740797e+01 2.314322562339936606e-01
 4.095433709449070037e+00 5.111236101176926638e+01 2.305997935577739633e-01
 4.102158414299193367e+00 5.130850228907796406e+01 2.317132760346913289e-01
 4.108883091218039851e+00 5.116894705532436660e+01 2.326259287288929001e-01
 4.115607740159823891e+00 5.120396846606087848e+01 2.339536982839521273e-01
 4.122332361078756335e+00 5.121741179639116126e+01 2.348963860864812236e-01
 4.129056953929051588e+00 5.125496733805136529e+01 2.362263829789089942e-01
 4.135781518664920497e+00 5.131520616782533750e+01 2.377360606816753263e-01
 4.142506055240578355e+00 5.109241952232610373e+01 2.378917893739100342e-01
 4.149230563610235123e+00 5.075221914008333357e+01 2.373039019970069330e-01
 4.155955043728106979e+00 5.108505427588039538e+01 2.325966378735909168e-01
 4.162679495548404773e+00 5.120448845733400844e+01 2.295275634996924163e-01
 4.169403919025345573e+00 5.114344574036498869e+01 2.277490294739664689e-01
 4.176128314113141116e+00 5.078861022062994834e+01 2.260069085916698861e-01
 4.182852680766005804e+00 5.103765351287342611e+01 2.256262480367209333e-01
 4.189577018938153152e+00 5.114716794459555160e+01 2.249515141527385909e-01
 4.196301328583801116e+00 5.081042217169559905e+01 2.235128935100584024e-01
 4.203025609657159656e+00 5.098162793527179559e+01 2.227626383085370976e-01
 4.209749862112446728e+00 5.108553191489354361e+01 2.229081769652050682e-01
 4.216474085903876734e+00 5.099361896080223744e+01 2.226737203652116026e-01
 4.223198280985663189e+00 5.116480733281067472e+01 2.221846811163238622e-01
 4.229922447312024936e+00 5.085564272782197293e+01 2.215992625689478246e-01
 4.236646584837176377e+00 5.064701636188640066e+01 2.207847940328269420e-01
 4.243370693515331915e+00 5.051572553971978152e+01 2.204652890839561563e-01
 4.250094773300708617e+00 5.083181217725469736e+01 2.209879064288434170e-01
 4.256818824147522662e+00 5.090094198116042890e+01 2.210518650076798985e-01
 4.263542846009991116e+00 5.075995926436227279e+01 2.205735470181091895e-01
 4.270266838842330159e+00 5.077282263381886906e+01 2.206675993951801862e-01
 4.276990802598756858e+00 5.072863145258109085e+01 2.207237499318807916e-01
 4.283714737233488279e+00 5.065555953660565791e+01 2.199976320657027751e-01
 4.290438642700739713e+00 5.057345545977013757e+01 2.200954500787639934e-01
 4.297162518954732668e+00 5.076533604644200182e+01 2.204795909591392711e-01
 4.303886365949681547e+00 5.073995695839311537e+01 2.202992550978004060e-01
 4.310610183639804305e+00 5.055525026878498096e+01 2.198059553421065626e-01
 4.317333971979321561e+00 5.052346181469938813e+01 2.199603024551569364e-01
 4.324057730922447718e+00 5.044774070315755665e+01 2.195000167243722766e-01
 4.330781460423405171e+00 5.056912318450778088e+01 2.199083669492588877e-01
 4.337505160436409213e+00 5.058574077396982460e+01 2.200234141909523933e-01
 4.344228830915682238e+00 5.064441262454499082e+01 2.198749722008337126e-01
 4.350952471815439537e+00 5.026260755258121549e+01 2.192081341401668770e-01
 4.357676083089902619e+00 5.022562141491389553e+01 2.191274662769893966e-01
 4.364399664693291214e+00 5.038208223762853066e+01 2.194947412075417825e-01
 4.371123216579823278e+00 5.053687350835325276e+01 2.196479576647682175e-01
 4.377846738703719431e+00 5.048734063566145380e+01 2.198882397544665857e-01
 4.384570231019201181e+00 5.043355808819161012e+01 2.194298696931003267e-01
 4.391293693480486482e+00 5.029795893936647389e+01 2.194754438730462942e-01
 4.398017126041798619e+00 5.039270334928234973e+01 2.195966362012228279e-01
 4.404740528657353771e+00 5.038079291993060593e+01 2.195509879104734496e-01
 4.411463901281376998e+00 5.016432626232455050e+01 2.190002571915537766e-01
 4.418187243868088032e+00 5.027842032720067778e+01 2.195642711866185315e-01
 4.424910556371707493e+00 5.011323687671887228e+01 2.189475917906948677e-01
 4.431633838746457776e+00 5.016299269198514565e+01 2.192661069983081190e-01
 4.438357090946560390e+00 5.008823882028542585e+01 2.191814590617492953e-01
 4.445080312926236843e+00 4.995615504246943317e+01 2.186564703650695218e-01
 4.451803504639709530e+00 5.002127914643651252e+01 2.190283407114817227e-01
 4.458526666041200848e+00 5.036974890633417345e+01 2.197635952199188669e-01
 4.465249797084934080e+00 5.046716551930585837e+01 2.198574608727218160e-01
 4.471972897725128959e+00 5.023038217323585997e+01 2.194133397401140939e-01
 4.478695967916012322e+00 5.020911656957530056e+01 2.196499561662635380e-01
 4.485419007611803899e+00 5.005834829443460166e+01 2.189323930840962606e-01
 4.492142016766730528e+00 4.988483247267922138e+01 2.189197634511843016e-01
 4.498864995335012829e+00 5.002084584885253804e+01 2.192706792004739669e-01
 4.505587943270874973e+00 4.964063343530684591e+01 2.182718969918717999e-01
 4.512310860528543799e+00 4.969914796591876183e+01 2.184332634259371353e-01
 4.519033747062239037e+00 4.977176201648300946e+01 2.188753214055506324e-01
 4.525756602826188413e+00 4.987514263407587123e+01 2.189182189862705352e-01
 4.532479427774615210e+00 5.006642620979861391e+01 2.194430772736223056e-01
 4.539202221861744491e+00 4.978085899903751255e+01 2.188887390344024797e-01
 4.545924985041801314e+00 5.000270709258239066e+01 2.193825334715120978e-01
 4.552647717269010741e+00 5.004080774084971495e+01 2.193605549302201918e-01
 4.559370418497598720e+00 4.961995664217745627e+01 2.186531129564418807e-01
 4.566093088681789425e+00 4.984506957412215655e+01 2.191815378733865116e-01
 4.572815727775811467e+00 4.969521516701781394e+01 2.187595927371463189e-01
 4.579538335733888132e+00 4.945819518958339955e+01 2.184082403322132604e-01
 4.586260912510246257e+00 4.983939229517083191e+01 2.192615289048211458e-01
 4.592983458059114454e+00 4.952708082026541092e+01 2.186195991647991999e-01
 4.599705972334716897e+00 4.963485177151123651e+01 2.187518038136805065e-01
 4.606428455291282198e+00 4.978576607056564285e+01 2.193751089896923134e-01
 4.613150906883036306e+00 4.954379826254810837e+01 2.186828733465966956e-01
 4.619873327064207835e+00 4.921915741187833504e+01 2.180178415831021954e-01
 4.626595715789022734e+00 4.929428122355227515e+01 2.183555587035406198e-01
 4.633318073011709615e+00 4.934854245880878665e+01 2.182976232924681848e-01
 4.640040398686497092e+00 4.961779819841602546e+01 2.190775395418261551e-01
 4.646762692767612890e+00 4.973075294829153847e+01 2.193665519969409394e-01
 4.653484955209284735e+00 4.964560024191116128e+01 2.191786636430331225e-01
 4.660207185965742127e+00 4.977420524598097273e+01 2.193894040764914621e-01
 4.666929384991213681e+00 4.932257087472731172e+01 2.186430182851792636e-01
 4.673651552239928897e+00 4.917345828295044896e+01 2.181009789824059353e-01
 4.680373687666116389e+00 4.911844177874713324e+01 2.182033236306732404e-01
 4.687095791224005659e+00 4.932938963718003578e+01 2.188305275627780155e-01
 4.693817862867827095e+00 4.910887194383935395e+01 2.180631981927292073e-01
 4.700539902551808424e+00 4.926603613435182183e+01 2.186103938829701276e-01
 4.707261910230184476e+00 4.949413694635152439e+01 2.193487412599854081e-01
 4.713983885857181200e+00 4.940065383218315276e+01 2.187497719459735868e-01
 4.720705829387030761e+00 4.936645849754440718e+01 2.188397188089685752e-01
 4.727427740773963549e+00 4.920838650866000563e+01 2.187412102346308340e-01
 4.734149619972211731e+00 4.912249483784775350e+01 2.184772112556916945e-01
 4.740871466936005696e+00 4.913679932055335087e+01 2.183896842379720038e-01
 4.747593281619577610e+00 4.933584401384916873e+01 2.189710915973369365e-01
 4.754315063977157862e+00 4.950636070363400876e+01 2.195760293781390260e-01
 4.761036813962979508e+00 4.912717886425753733e+01 2.184942621559838594e-01
 4.767758531531272936e+00 4.912144985708201972e+01 2.186276322444472009e-01
 4.774480216636274754e+00 4.893465286236300926e+01 2.183643166236909627e-01
 4.781201869232211799e+00 4.887274939172745292e+01 2.180933735872194468e-01
 4.787923489273320676e+00 4.864986045382850932e+01 2.173180682263942676e-01
 4.794645076713833554e+00 4.880314434867060669e+01 2.177130001672645809e-01
 4.801366631507983485e+00 4.880089512519657546e+01 2.173126054265324125e-01
 4.808088153610003523e+00 4.877423246275399293e+01 2.169581892118837008e-01
 4.814809642974128501e+00 4.876535774512163357e+01 2.167750705609192696e-01
 4.821531099554591471e+00 4.881960643579175496e+01 2.161483772745588505e-01
 4.828252523305626376e+00 4.867804499612098823e+01 2.155899046301865685e-01
 4.834973914181468047e+00 4.843354562228454796e+01 2.147660140816251839e-01
 4.841695272136350425e+00 4.828999822558693467e+01 2.137742097740028546e-01
 4.848416597124509231e+00 4.842579766767288874e+01 2.141632712379439030e-01
 4.855137889100179294e+00 4.853580901856743424e+01 2.139509384992467345e-01
 4.861859148017596333e+00 4.840923548121084963e+01 2.135899621018531591e-01
 4.868580373830993402e+00 4.846970764353647354e+01 2.133717258298765962e-01
 4.875301566494608885e+00 4.834459459459443309e+01 2.131837880057461110e-01
 4.882022725962676724e+00 4.861067494726974303e+01 2.134688447737214390e-01
 4.888743852189435302e+00 4.845836979987159765e+01 2.126922433024879266e-01
 4.895464945129119450e+00 4.832901115589000085e+01 2.125197920733734314e-01
 4.902186004735966662e+00 4.831277378657740229e+01 2.124840883401571401e-01
 4.908907030964211771e+00 4.832331045713629436e+01 2.120556603287905573e-01
 4.915628023768094046e+00 4.816295475746262866e+01 2.119625661241426595e-01
 4.922348983101850095e+00 4.797215736633197025e+01 2.116657468460327873e-01
 4.929069908919718301e+00 4.838496530005254215e+01 2.124815052793496972e-01
 4.935790801175933495e+00 4.827798844874855178e+01 2.122836259710884632e-01
 4.942511659824736725e+00 4.844121424401627252e+01 2.127104469972694867e-01
 4.949232484820364597e+00 4.805034793286933592e+01 2.120300941573325659e-01
 4.955953276117056383e+00 4.810659750553659109e+01 2.118014749506446082e-01
 4.962674033669050466e+00 4.828633253406626125e+01 2.125625471597933358e-01
 4.969394757430584342e+00 4.821744974287057772e+01 2.123301779809276535e-01
 4.976115447355899946e+00 4.825159403334306063e+01 2.125109297512281781e-01
 4.982836103399233885e+00 4.809675153643568990e+01 2.122317583716307465e-01
 4.989556725514828983e+00 4.840766570942975733e+01 2.130538400896285489e-01
 4.996277313656920960e+00 4.798888303785616927e+01 2.119564197621716384e-01
 5.002997867779751751e+00 4.776223653395783231e+01 2.115233839370610214e-01
 5.009718387837563291e+00 4.814547160957300065e+01 2.125695218145809140e-01
 5.016438873784593966e+00 4.802747188378622667e+01 2.121595831875592308e-01
 5.023159325575085710e+00 4.794650808530577279e+01 2.120055185535737463e-01
 5.029879743163277794e+00 4.823594318581990592e+01 2.128315813386041644e-01
 5.036600126503413044e+00 4.781649436090223304e+01 2.119913070127363852e-01
 5.043320475549731619e+00 4.791866393202457886e+01 2.119625791253062219e-01
 5.050040790256478118e+00 4.799254081992265242e+01 2.123687194232538322e-01
 5.056761070577890038e+00 4.800815392737732168e+01 2.122723920319397606e-01
 5.063481316468212867e+00 4.805161593055306923e+01 2.123559991590544815e-01
 5.070201527881687653e+00 4.782963484795114084e+01 2.119581901389629430e-01
 5.076921704772557220e+00 4.741542625169129366e+01 2.112679818323169034e-01
 5.083641847095064392e+00 4.747804391217569275e+01 2.111777112959565550e-01
 5.090361954803452882e+00 4.747330710048753843e+01 2.112105787897329556e-01
 5.097082027851963737e+00 4.747734637365226007e+01 2.115552972296390888e-01
 5.103802066194844222e+00 4.756852582602027724e+01 2.117209253560020099e-01
 5.110522069786334498e+00 4.749366715758475976e+01 2.115791908999480053e-01
 5.117242038580681829e+00 4.772194719471955437e+01 2.121308057106884859e-01
 5.123961972532127263e+00 4.751618609587814035e+01 2.117291521959578648e-01
 5.130681871594918064e+00 4.754703729933928713e+01 2.118916048795956852e-01
 5.137401735723295282e+00 4.728245355352410684e+01 2.112326738832294992e-01
 5.144121564871508845e+00 4.714913056292350291e+01 2.108724790415756334e-01
 5.150841358993799801e+00 4.713471960414702977e+01 2.107719298506247063e-01
 5.157561118044417192e+00 4.760064935064923475e+01 2.120360606221383393e-01
 5.164280841977603842e+00 4.724202206099217705e+01 2.111547956468029508e-01
 5.171000530747605239e+00 4.761353853411156223e+01 2.119459393996682428e-01
 5.177720184308670426e+00 4.697102390085573376e+01 2.105979883166388400e-01
 5.184439802615043114e+00 4.716221328919361611e+01 2.112069680261930427e-01
 5.191159385620972344e+00 4.707824495098621043e+01 2.109066850784531710e-01
 5.197878933280704494e+00 4.709726156751686688e+01 2.108870190730554317e-01
 5.204598445548484165e+00 4.724757854949209701e+01 2.112981230638184271e-01
 5.211317922378560397e+00 4.714379510233056436e+01 2.112281664929245850e-01
 5.218037363725182232e+00 4.702699828676087890e+01 2.108354443725708183e-01
 5.224756769542596047e+00 4.712849459187899726e+01 2.111127338886905624e-01
 5.231476139785050883e+00 4.709979271542790258e+01 2.112608178588342711e-01
 5.238195474406791341e+00 4.737761493913266264e+01 2.116512037913119426e-01
 5.244914773362070903e+00 4.720361053566149678e+01 2.114309214401314252e-01
 5.251634036605137723e+00 4.703523420382537523e+01 2.111034811866553118e-01
 5.258353264090237289e+00 4.695895830872805021e+01 2.106393184097371252e-01
 5.265072455771623083e+00 4.663765541740647080e+01 2.101907119416333847e-01
 5.271791611603540595e+00 4.691231188529437190e+01 2.108836539921370157e-01
 5.278510731540243306e+00 4.701592658377708034e+01 2.110414034478500234e-01
 5.285229815535980258e+00 4.672406651281125534e+01 2.103293138715658372e-01
 5.291948863545000492e+00 4.720017788318993723e+01 2.116111933050603966e-01
 5.298667875521554826e+00 4.692546694337377744e+01 2.109944928688638754e-01
 5.305386851419893190e+00 4.683403523340628993e+01 2.108263428172614529e-01
 5.312105791194270843e+00 4.671233931639113024e+01 2.104150089290192926e-01
 5.318824694798934161e+00 4.670243264140857775e+01 2.108177316956426905e-01
 5.325543562188138402e+00 4.641155898043897565e+01 2.098048524054869912e-01
 5.332262393316133497e+00 4.649284908907483072e+01 2.101068599860788366e-01
 5.338981188137169376e+00 4.682668884795939590e+01 2.109850854681946386e-01
 5.345699946605501296e+00 4.658421896336763979e+01 2.103631552643931979e-01
 5.352418668675381852e+00 4.670699387961250437e+01 2.107277811733956896e-01
 5.359137354301060974e+00 4.650071267371423289e+01 2.102057265789954166e-01
 5.365856003436795696e+00 4.686413431769461369e+01 2.112892287661918556e-01
 5.372574616036834172e+00 4.658407499703339738e+01 2.102941708717350755e-01
 5.379293192055433437e+00 4.647442911512839459e+01 2.102837309279681488e-01
 5.386011731446847861e+00 4.642091456507492353e+01 2.104318455446811398e-01
 5.392730234165330039e+00 4.641401046622263493e+01 2.101469977704964465e-01
 5.399448700165134341e+00 4.621906573160589460e+01 2.096428862761076650e-01
 5.406167129400513360e+00 4.609593612203538271e+01 2.096377319682542206e-01
 5.412885521825726798e+00 4.638885245901625609e+01 2.103466217988569364e-01
 5.419603877395025471e+00 4.644818760788061240e+01 2.103181784579616354e-01
 5.426322196062663750e+00 4.618366740022609918e+01 2.096435925021680746e-01
 5.433040477782901334e+00 4.609299833293647453e+01 2.095436662526978522e-01
 5.439758722509988154e+00 4.629759000297529070e+01 2.099519560870501123e-01
 5.446476930198187461e+00 4.676659911789246138e+01 2.111824338742643026e-01
 5.453195100801750073e+00 4.677693098651161563e+01 2.127649181809058154e-01
 5.459913234274935689e+00 4.605692782709380140e+01 2.177199081310600970e-01
 5.466631330571999570e+00 4.608373397435897800e+01 2.218890680489110923e-01
 5.473349389647196972e+00 4.601128854625540043e+01 2.251071417596660906e-01
 5.480067411454788484e+00 4.620556457877284373e+01 2.284863029295060299e-01
 5.486785395949031141e+00 4.611894114252750398e+01 2.307041358926568975e-01
 5.493503343084178425e+00 4.597797421731129930e+01 2.327903581058149707e-01
 5.500221252814493589e+00 4.596443013329346172e+01 2.346741456366150946e-01
 5.506939125094231891e+00 4.581950034171174480e+01 2.359439071780646824e-01
 5.513656959877653918e+00 4.574677979174695253e+01 2.376041353966178715e-01
 5.520374757119016706e+00 4.579710486979787021e+01 2.400983326466207268e-01
 5.527092516772580844e+00 4.570754943559354899e+01 2.419665631989434407e-01
 5.533810238792604252e+00 4.564308916680197115e+01 2.435274559175564513e-01
 5.540527923133345745e+00 4.576728833140787600e+01 2.458227699757115914e-01
 5.547245569749069460e+00 4.575428571428576419e+01 2.480289647338367875e-01
 5.553963178594029770e+00 4.569504933650895140e+01 2.493818129921548665e-01
 5.560680749622490815e+00 4.571445845569193267e+01 2.513448600377428677e-01
 5.567398282788711406e+00 4.524806610407856766e+01 2.522697697200303457e-01
 5.574115778046953906e+00 4.533377837116160691e+01 2.540881501910702833e-01
 5.580833235351478017e+00 4.509804983748647800e+01 2.552392141979912821e-01
 5.587550654656546989e+00 4.550087100027499076e+01 2.583551897153350541e-01
 5.594268035916418746e+00 4.522309270658456626e+01 2.597779107042890723e-01
 5.600985379085356541e+00 4.495863173765549448e+01 2.603561935358648660e-01
 5.607702684117625402e+00 4.525572300648612867e+01 2.628047672312860961e-01
 5.614419950967487694e+00 4.518827639751552994e+01 2.648926783662446383e-01
 5.621137179589200450e+00 4.493389245189931103e+01 2.663392273746375549e-01
 5.627854369937033141e+00 4.505164506480559083e+01 2.680802697153540359e-01
 5.634571521965244578e+00 4.479153620846381756e+01 2.690409822495959391e-01
 5.641288635628098902e+00 4.462017651888347558e+01 2.706805159939017491e-01
 5.648005710879862917e+00 4.481713275808301233e+01 2.730342084467674013e-01
 5.654722747674796324e+00 4.456128896377415316e+01 2.740113236696583021e-01
 5.661439745967166814e+00 4.470672664952867592e+01 2.767999492595236144e-01
 5.668156705711234977e+00 4.457014505304164942e+01 2.778388905585487123e-01
 5.674873626861271170e+00 4.443623204298726392e+01 2.792254480282973517e-01
 5.681590509371535092e+00 4.487536103088211092e+01 2.824193601925434893e-01
 5.688307353196295324e+00 4.458275475923854714e+01 2.826296442449491852e-01
 5.695024158289815119e+00 4.456977666931184956e+01 2.843290992802861017e-01
 5.701740924606359506e+00 4.420317496573774463e+01 2.842063957859539136e-01
 5.708457652100199731e+00 4.367556017556023562e+01 2.840994824299248878e-01
 5.715174340725599045e+00 4.381880841121493830e+01 2.861892988693281459e-01
 5.721890990436821589e+00 4.367251117910092972e+01 2.867515078621080127e-01
 5.728607601188137721e+00 4.363797408155988222e+01 2.881167218840219868e-01
 5.735324172933811582e+00 4.365723534348398971e+01 2.893870187147597473e-01
 5.742040705628113528e+00 4.339050740470990064e+01 2.902996163595122914e-01
 5.748757199225309478e+00 4.315189718482250214e+01 2.907025961059882535e-01
 5.755473653679668011e+00 4.330483271375469201e+01 2.930160480060857164e-01
 5.762190068945458599e+00 4.327478042659976154e+01 2.947462355839603476e-01
 5.768906444976943604e+00 4.298552564753676108e+01 2.955073304015481961e-01
 5.775622781728401378e+00 4.303415828821862021e+01 2.979145813558239375e-01
 5.782339079154094286e+00 4.311400183030459488e+01 3.003079496029063544e-01
 5.789055337208292684e+00 4.326467081732687348e+01 3.028182047994013582e-01
 5.795771555845266931e+00 4.326803013993536240e+01 3.052043383335882321e-01
 5.802487735019284720e+00 4.276137292290935932e+01 3.052661303630765932e-01
 5.809203874684619073e+00 4.308837337752001417e+01 3.085395066768292227e-01
 5.815919974795538572e+00 4.287798036465635931e+01 3.101932813360810393e-01
 5.822636035306317126e+00 4.256746765249534548e+01 3.111921190670149939e-01
 5.829352056171220653e+00 4.216440335163242992e+01 3.121886958250438826e-01
 5.836068037344521287e+00 4.200849319080396782e+01 3.137256205359241767e-01
 5.842783978780492937e+00 4.164549241297228832e+01 3.148435046212566535e-01
 5.849499880433406851e+00 4.220283516814953373e+01 3.191106445767495359e-01
 5.856215742257533385e+00 4.200107246820893181e+01 3.208731479310397705e-01
 5.862931564207145563e+00 4.208054214052032904e+01 3.238672000571137799e-01
 5.869647346236512853e+00 4.218275154004108884e+01 3.265060906591285561e-01
 5.876363088299915383e+00 4.148394863563405011e+01 3.264044055805110367e-01
 5.883078790351619070e+00 4.202434242770786454e+01 3.314356839861943294e-01
 5.889794452345900488e+00 4.169483101391653435e+01 3.324501129067046201e-01
 5.896510074237032661e+00 4.135482242046781920e+01 3.337284991034886183e-01
 5.903225655979289499e+00 4.138741665241921908e+01 3.364754171549274031e-01
 5.909941197526945800e+00 4.158959638134999182e+01 3.402467334362772045e-01
 5.916656698834274586e+00 4.140537197384698942e+01 3.421515325788814788e-01
 5.923372159855552432e+00 4.106963388370422763e+01 3.434115147144752300e-01
 5.930087580545050585e+00 4.102775241920760863e+01 3.462003351093403403e-01
 5.936802960857047395e+00 4.032708372006681685e+01 3.460867017219720343e-01
 5.943518300745818550e+00 4.040155244225676512e+01 3.498322308666602654e-01
 5.950233600165639736e+00 4.055237363059777778e+01 3.531353696426230426e-01
 5.956948859070784863e+00 4.008779149519886431e+01 3.545302301529931199e-01
 5.963664077415532283e+00 4.047114040343518582e+01 3.596200662673116888e-01
 5.970379255154156795e+00 4.049705464147878331e+01 3.627912403958993282e-01
 5.977094392240938525e+00 4.026949327817992952e+01 3.650478832613671676e-01
 5.983809488630151385e+00 3.953288364249577569e+01 3.651462948866700531e-01
 5.990524544276073726e+00 3.966015457277802625e+01 3.690943952995944799e-01
 5.997239559132983011e+00 3.948353819139592957e+01 3.723712695589738719e-01
 6.003954533155157591e+00 3.918431022955203247e+01 3.737989349732360744e-01
 6.010669466296875818e+00 3.886528379302478697e+01 3.764931645603353250e-01
 6.017384358512417819e+00 3.905657741559952711e+01 3.814393543661645514e-01
 6.024099209756061057e+00 3.890253134610833285e+01 3.837362242950584368e-01
 6.030814019982082108e+00 3.868364871421643159e+01 3.874982210059061405e-01
 6.037528789144763763e+00 3.817934109487244854e+01 3.889957273256632875e-01
 6.044243517198386151e+00 3.804045226130652679e+01 3.910581046999072052e-01
 6.050958204097227622e+00 3.776719979690279416e+01 3.916736848286683226e-01
 6.057672849795566528e+00 3.804627972385578261e+01 3.945228680623084072e-01
 6.064387454247685660e+00 3.812078797304311450e+01 3.976123032468739660e-01
 6.071102017407866036e+00 3.834077185613023886e+01 4.013145731672468353e-01
 6.077816539230388670e+00 3.765340758419520739e+01 3.996997419029772458e-01
 6.084531019669533691e+00 3.760128789911459535e+01 4.017738393339269076e-01
 6.091245458679583891e+00 3.713867028493891809e+01 4.015636751828146611e-01
 6.097959856214819396e+00 3.767288182067452595e+01 4.065430408604446266e-01
 6.104674212229523889e+00 3.740756185710311144e+01 4.079148104116120943e-01
 6.111388526677981936e+00 3.699607182940518868e+01 4.075387890176928596e-01
 6.118102799514471890e+00 3.723904382470119145e+01 4.117734805881227422e-01
 6.124817030693280095e+00 3.716311852704254193e+01 4.135958597741159481e-01
 6.131531220168685792e+00 3.686567599067598877e+01 4.145696001113501894e-01
 6.138245367894978877e+00 3.615357353809804408e+01 4.133254334571946909e-01
 6.144959473826438590e+00 3.599432835820894638e+01 4.146241793106832940e-01
 6.151673537917351275e+00 3.607831871787114864e+01 4.177976946606155595e-01
 6.158387560121999726e+00 3.710736196319018632e+01 4.267575680702428431e-01
 6.165101540394669399e+00 3.675697458152516361e+01 4.269703218082288032e-01
 6.171815478689646639e+00 3.603988693467334770e+01 4.255642835938189261e-01
 6.178529374961213350e+00 3.559687699171443143e+01 4.260293020183896773e-01
 6.185243229163658540e+00 3.593425717048015855e+01 4.304507207412767711e-01
 6.191957041251267668e+00 3.601990212071777364e+01 4.336267006022562764e-01
 6.198670811178324414e+00 3.632283725555185327e+01 4.388966021828299424e-01
 6.205384538899117786e+00 3.493221476510064605e+01 4.330768009456508749e-01
 6.212098224367934129e+00 3.570494037478706417e+01 4.411843461140471101e-01
 6.218811867539059790e+00 3.624931034482759173e+01 4.472093413670440443e-01
 6.225525468366782889e+00 3.558336246067806741e+01 4.460921230348968702e-01
 6.232239026805388882e+00 3.474660956459671013e+01 4.454327479972909343e-01
 6.238952542809169444e+00 3.495263724434877872e+01 4.479520019161209454e-01
 6.245666016332408255e+00 3.489107468123862077e+01 4.509682741597889621e-01
 6.252379447329398765e+00 3.528049235359942060e+01 4.588586287737713709e-01
 6.259092835754425543e+00 3.415917602996254487e+01 4.524369372653196386e-01
 6.265806181561777599e+00 3.450973654066432061e+01 4.591589604842593042e-01
 6.272519484705749271e+00 3.437821011673152327e+01 4.626313513627218765e-01
 6.279232745140626015e+00 3.419434628975271551e+01 4.634711138305568912e-01
 6.285945962820698618e+00 3.435091926458832035e+01 4.686898197908983543e-01
 6.292659137700256977e+00 3.449348534201956085e+01 4.740393017009567611e-01
 6.299372269733590102e+00 3.442137845645893179e+01 4.767573678784524094e-01
 6.306085358874994107e+00 3.409170854271359019e+01 4.779332147278786413e-01
 6.312798405078754449e+00 3.397306541256948265e+01 4.820723783206890545e-01
 6.319511408299166355e+00 3.375662755323773467e+01 4.844859733211913100e-01
 6.326224368490518835e+00 3.373999120105587224e+01 4.873407821339003076e-01
 6.332937285607104450e+00 3.304001798561151304e+01 4.875427890139564235e-01
 6.339650159603217539e+00 3.324599908550527516e+01 4.931798158462639137e-01
 6.346362990433147111e+00 3.337418755803155790e+01 4.979004204232167496e-01
 6.353075778051189282e+00 3.279231863442392125e+01 4.987785451037841655e-01
 6.359788522411634837e+00 3.261223506743738199e+01 5.013448969741894912e-01
 6.366501223468779003e+00 3.233087874324979794e+01 5.039335014943185920e-01
 6.373213881176915230e+00 3.280230807827395978e+01 5.131667907895873793e-01
 6.379926495490336968e+00 3.324461538461537202e+01 5.222799358207690368e-01
 6.386639066363338557e+00 3.156196120689656937e+01 5.216185123950703995e-01
 6.393351593750216111e+00 3.205779334500877553e+01 5.472025623142077189e-01
 6.400064077605261303e+00 3.328417721518989225e+01 5.805643453926218056e-01
 6.406776517882772026e+00 3.133084239130436544e+01 5.835688774155891601e-01
 6.413488914537043506e+00 3.170676691729324759e+01 6.176040721874129780e-01
 6.420201267522370081e+00 3.261798679867986550e+01 6.562015588149371359e-01
 6.426913576793049643e+00 3.252276867030965946e+01 6.884185691447538558e-01
 6.433625842303377418e+00 3.201336073997944709e+01 7.255531056978118398e-01
 6.440338064007651298e+00 3.222764227642277035e+01 7.738783246418530215e-01
 6.447050241860167397e+00 3.151405622489960834e+01 8.215837544605941734e-01
 6.453762375815222718e+00 3.208085808580857901e+01 9.203365446405388228e-01
 6.460474465827116930e+00 3.213990825688073727e+01 1.086023100382506046e+00
 6.467186511850142594e+00 3.361256544502617771e+01 1.678008429236450771e+00
 6.473898513838604707e+00 2.990909090909091006e+01 2.692710289881583563e+00
 6.480610471746798495e+00 2.600000000000000000e+01 1.177568115510379698e+01
 6.487322385529022739e+00 0.000000000000000000e+00 0.000000000000000000e+00
 6.494034255139576217e+00 0.000000000000000000e+00 0.000000000000000000e+00
 6.500746080532758597e+00 0.000000000000000000e+00 0.000000000000000000e+00
 6.507457861662872212e+00 0.000000000000000000e+00 0.000000000000000000e+00
 6.514169598484213175e+00 0.000000000000000000e+00 0.000000000000000000e+00
 6.520881290951084708e+00 0.000000000000000000e+00 0.000000000000000000e+00
 6.527592939017783813e+00 0.000000000000000000e+00 0.000000000000000000e+00
 6.534304542638613711e+00 0.000000000000000000e+00 0.000000000000000000e+00
 6.541016101767877622e+00 0.000000000000000000e+00 0.000000000000000000e+00
 6.547727616359875213e+00 0.000000000000000000e+00 0.000000000000000000e+00
 6.554439086368907930e+00 0.000000000000000000e+00 0.000000000000000000e+00
 6.561150511749274550e+00 0.000000000000000000e+00 0.000000000000000000e+00
 6.567861892455283623e+00 0.000000000000000000e+00 0.000000000000000000e+00
 6.574573228441235706e+00 0.000000000000000000e+00 0.000000000000000000e+00
 6.581284519661434018e+00 0.000000000000000000e+00 0.000000000000000000e+00
 6.587995766070180892e+00 0.000000000000000000e+00 0.000000000000000000e+00
 6.594706967621780436e+00 0.000000000000000000e+00 0.000000000000000000e+00
 6.601418124270535870e+00 0.000000000000000000e+00 0.000000000000000000e+00
 6.608129235970752191e+00 0.000000000000000000e+00 0.000000000000000000e+00
 6.614840302676735284e+00 0.000000000000000000e+00 0.000000000000000000e+00
 6.621551324342787481e+00 0.000000000000000000e+00 0.000000000000000000e+00
 6.628262300923214667e+00 0.000000000000000000e+00 0.000000000000000000e+00
 6.634973232372324503e+00 0.000000000000000000e+00 0.000000000000000000e+00
 6.641684118644419321e+00 0.000000000000000000e+00 0.000000000000000000e+00
 6.648394959693809447e+00 0.000000000000000000e+00 0.000000000000000000e+00
 6.655105755474797213e+00 0.000000000000000000e+00 0.000000000000000000e+00
 6.661816505941691169e+00 0.000000000000000000e+00 0.000000000000000000e+00
 6.668527211048797199e+00 0.000000000000000000e+00 0.000000000000000000e+00
 6.675237870750425628e+00 0.000000000000000000e+00 0.000000000000000000e+00
 6.681948485000881455e+00 0.000000000000000000e+00 0.000000000000000000e+00
 6.688659053754471451e+00 0.000000000000000000e+00 0.000000000000000000e+00
 6.695369576965506830e+00 0.000000000000000000e+00 0.000000000000000000e+00
 6.702080054588295255e+00 0.000000000000000000e+00 0.000000000000000000e+00
 6.708790486577147050e+00 0.000000000000000000e+00 0.000000000000000000e+00
 6.715500872886366324e+00 0.000000000000000000e+00 0.000000000000000000e+00
 6.722211213470266955e+00 0.000000000000000000e+00 0.000000000000000000e+00
 6.728921508283156605e+00 0.000000000000000000e+00 0.000000000000000000e+00
 6.735631757279349152e+00 0.000000000000000000e+00 0.000000000000000000e+00
 6.742341960413153146e+00 0.000000000000000000e+00 0.000000000000000000e+00
 